0 0.332347 0.189334 0.005424 0.007939
0 0.363412 0.189852 0.006903 0.009665
0 0.394601 0.189506 0.007150 0.008975
0 0.447608 0.181395 0.006164 0.008630
0 0.483235 0.181222 0.005917 0.007594
0 0.537475 0.181567 0.005917 0.008284
0 0.577786 0.181567 0.006164 0.008975
0 0.537475 0.200380 0.006410 0.008630
0 0.577416 0.199862 0.005917 0.008975
0 0.548447 0.233863 0.005671 0.007939
0 0.483111 0.206075 0.005671 0.007594
0 0.447608 0.206248 0.006164 0.008630
0 0.332224 0.227132 0.006164 0.008284
0 0.363412 0.226959 0.005917 0.007939
0 0.394601 0.226786 0.005671 0.008284
0 0.449704 0.244563 0.005917 0.007939
0 0.481016 0.244909 0.005917 0.007939
0 0.741741 0.240076 0.005671 0.007939
0 0.790927 0.240076 0.005917 0.007939
0 0.708950 0.247497 0.005671 0.008284
1 0.345414 0.245599 0.005424 0.007249
1 0.407914 0.245771 0.005671 0.008975
1 0.407668 0.266137 0.005178 0.007594
0 0.327663 0.270625 0.005917 0.007594
1 0.344921 0.266137 0.005424 0.008284
0 0.358728 0.285123 0.005424 0.007594
0 0.394231 0.284950 0.005917 0.007939
0 0.358605 0.328961 0.005671 0.008284
0 0.394601 0.328788 0.005671 0.007939
0 0.449704 0.276148 0.005917 0.007594
0 0.481016 0.275975 0.005424 0.007939
0 0.449827 0.308940 0.005671 0.007594
0 0.481139 0.308595 0.005671 0.008284
1 0.436391 0.282534 0.005917 0.008630
1 0.436391 0.346393 0.005917 0.008630
0 0.449827 0.340179 0.005671 0.007939
0 0.481016 0.340179 0.005424 0.007249
0 0.510725 0.345875 0.005671 0.008284
0 0.549433 0.346048 0.005671 0.008630
1 0.662106 0.283914 0.006164 0.008630
0 0.686514 0.284950 0.005178 0.007249
0 0.666667 0.315326 0.005917 0.007939
0 0.706607 0.326200 0.005424 0.008284
0 0.741617 0.324646 0.005424 0.007939
0 0.741864 0.296686 0.005424 0.007939
0 0.741864 0.268208 0.005424 0.007594
0 0.790804 0.268208 0.005671 0.007594
0 0.790927 0.296686 0.006410 0.007939
0 0.790804 0.324646 0.005671 0.007939
0 0.240015 0.404902 0.005178 0.007594
0 0.363536 0.546082 0.005671 0.007594
1 0.363536 0.508802 0.005671 0.008284
0 0.363536 0.471004 0.005671 0.007939
1 0.374877 0.443390 0.005671 0.007939
0 0.361686 0.424750 0.005917 0.007939
1 0.526504 0.524163 0.006164 0.007939
0 0.539941 0.511736 0.005424 0.007939
0 0.540187 0.480497 0.005917 0.007594
0 0.540064 0.443045 0.005671 0.007939
0 0.571129 0.511564 0.005671 0.007594
0 0.571129 0.480324 0.005671 0.007939
0 0.571129 0.442872 0.005671 0.008284
0 0.540064 0.411805 0.005671 0.007594
0 0.571252 0.411805 0.005424 0.008284
1 0.526381 0.399033 0.005917 0.007594
0 0.513314 0.373490 0.005917 0.008284
0 0.562500 0.373835 0.005671 0.008284
0 0.616001 0.468588 0.005671 0.007939
0 0.583950 0.296859 0.005671 0.008284
0 0.676652 0.436141 0.005178 0.007939
0 0.676652 0.467380 0.005671 0.007594
1 0.672707 0.504487 0.005671 0.007249
0 0.659393 0.517259 0.006164 0.007939
1 0.701183 0.504660 0.005917 0.007594
0 0.681706 0.517432 0.005917 0.007594
0 0.710429 0.517604 0.005671 0.007939
0 0.707717 0.436659 0.005671 0.006904
0 0.707840 0.468243 0.005917 0.007249
0 0.739029 0.436486 0.005671 0.007939
0 0.739029 0.467898 0.005671 0.007939
0 0.732618 0.517259 0.005671 0.007939
0 0.755054 0.517432 0.005671 0.007594
1 0.723496 0.504833 0.005671 0.007939
1 0.746055 0.504660 0.005424 0.008975
1 0.765286 0.422679 0.005917 0.007249
1 0.770833 0.502416 0.005671 0.007939
0 0.778600 0.435105 0.005424 0.007939
0 0.778600 0.460304 0.005917 0.007249
0 0.784393 0.514843 0.005671 0.007939
